# FITS WCS keywords for order 11
CRVAL1 = 4422.76243222
CDELT1 = 0.11966317
CRPIX1 = 1.0
